125.3 -45.7 89.2 -12.4 56.8 234.1
128.7 -48.2 91.5 -15.1 58.3 237.5
131.2 -50.8 93.8 -17.6 59.9 240.8
134.5 -53.1 96.2 -20.3 61.4 244.2
137.1 -55.9 98.7 -22.8 63.1 247.6
140.3 -58.4 101.3 -25.4 64.7 251.1
143.8 -61.2 103.9 -28.1 66.5 254.5
146.5 -63.8 106.5 -30.7 68.2 258.0
149.7 -66.5 109.2 -33.4 70.0 261.4
152.9 -69.3 111.8 -36.1 71.8 264.9
156.2 -72.1 114.5 -38.8 73.6 268.3
159.4 -74.8 117.3 -41.5 75.5 271.8
162.8 -77.6 120.1 -44.3 77.4 275.3
166.1 -80.5 122.9 -47.0 79.3 278.8
169.5 -83.3 125.7 -49.8 81.2 282.3
172.8 -86.2 128.6 -52.6 83.2 285.8
176.3 -89.1 131.5 -55.4 85.2 289.4
179.7 -92.0 134.4 -58.3 87.2 292.9
183.2 -94.9 137.4 -61.1 89.3 296.5
186.6 -97.8 140.4 -64.0 91.4 300.1
190.1 -100.8 143.4 -66.9 93.5 303.7
193.7 -103.8 146.5 -69.8 95.6 307.3
197.2 -106.8 149.5 -72.7 97.8 310.9
200.8 -109.8 152.6 -75.7 100.0 314.6
204.4 -112.9 155.7 -78.6 102.2 318.2
208.0 -116.0 158.9 -81.6 104.5 321.9
211.7 -119.1 162.1 -84.6 106.8 325.6
215.3 -122.2 165.3 -87.7 109.1 329.3
219.0 -125.4 168.5 -90.7 111.4 333.0
222.7 -128.6 171.8 -93.8 113.8 336.7
226.5 -131.8 175.1 -96.9 116.2 340.5
230.2 -135.0 178.4 -100.0 118.6 344.2
234.0 -138.3 181.8 -103.1 121.1 348.0
237.8 -141.6 185.1 -106.3 123.5 351.8
241.6 -144.9 188.5 -109.4 126.0 355.6
245.5 -148.3 192.0 -112.6 128.6 359.4
249.3 -151.6 195.4 -115.8 131.1 363.2
253.2 -155.0 198.9 -119.0 133.7 367.1
257.1 -158.5 202.4 -122.3 136.3 370.9
261.0 -161.9 205.9 -125.5 138.9 374.8
265.0 -165.4 209.5 -128.8 141.6 378.7
268.9 -168.9 213.1 -132.1 144.2 382.6
272.9 -172.5 216.7 -135.4 146.9 386.5
276.9 -176.0 220.3 -138.8 149.6 390.4
280.9 -179.6 224.0 -142.1 152.4 394.4
285.0 -183.2 227.7 -145.5 155.1 398.3
289.0 -186.9 231.4 -148.9 157.9 402.3
293.1 -190.5 235.1 -152.3 160.7 406.3
297.2 -194.2 238.9 -155.8 163.5 410.3
301.4 -198.0 242.7 -159.2 166.4 414.3
