Timestamp Sensor_A Sensor_B Sensor_C Sensor_D Sensor_E
0.0 125.3 -45.7 89.2 -12.4 56.8
1.0 128.7 -48.2 91.5 -15.1 58.3
2.0 132.1 -50.8 93.9 -17.9 59.9
3.0 135.6 -53.5 96.3 -20.8 61.5
4.0 139.2 -56.3 98.8 -23.8 63.2
5.0 142.8 -59.2 101.4 -26.9 64.9
6.0 146.5 -62.2 104.0 -30.1 66.7
7.0 150.3 -65.3 106.7 -33.4 68.5
8.0 154.1 -68.5 109.5 -36.8 70.4
9.0 158.0 -71.8 112.3 -40.3 72.3
10.0 162.0 -75.2 115.2 -43.9 74.3
11.0 166.0 -78.7 118.2 -47.6 76.3
12.0 170.1 -82.3 121.2 -51.4 78.4
13.0 174.3 -86.0 124.3 -55.3 80.5
14.0 178.5 -89.8 127.5 -59.3 82.7
15.0 182.8 -93.7 130.8 -63.4 84.9
16.0 187.1 -97.7 134.1 -67.6 87.2
17.0 191.5 -101.8 137.5 -71.9 89.5
18.0 196.0 -106.0 141.0 -76.3 91.9
19.0 200.5 -110.3 144.5 -80.8 94.3
20.0 205.1 -114.7 148.1 -85.4 96.8
21.0 209.8 -119.2 151.8 -90.1 99.3
22.0 214.5 -123.8 155.5 -94.9 101.9
23.0 219.3 -128.5 159.3 -99.8 104.5
24.0 224.1 -133.3 163.2 -104.8 107.2
25.0 229.0 -138.2 167.1 -109.9 109.9
26.0 234.0 -143.2 171.1 -115.1 112.7
27.0 239.0 -148.3 175.2 -120.4 115.5
28.0 244.1 -153.5 179.3 -125.8 118.4
29.0 249.2 -158.8 183.5 -131.3 121.3
30.0 254.4 -164.2 187.8 -136.9 124.3
31.0 259.7 -169.7 192.1 -142.6 127.3
32.0 265.0 -175.3 196.5 -148.4 130.4
33.0 270.4 -181.0 201.0 -154.3 133.5
34.0 275.8 -186.8 205.5 -160.3 136.7
35.0 281.3 -192.7 210.1 -166.4 140.0
36.0 286.9 -198.7 214.8 -172.6 143.3
37.0 292.5 -204.8 219.5 -178.9 146.6
38.0 298.2 -211.0 224.3 -185.3 150.0
39.0 303.9 -217.3 229.2 -191.8 153.5
40.0 309.7 -223.7 234.1 -198.4 157.0
41.0 315.6 -230.2 239.1 -205.1 160.6
42.0 321.5 -236.8 244.2 -211.9 164.2
43.0 327.5 -243.5 249.3 -218.8 167.9
44.0 333.6 -250.3 254.5 -225.8 171.6
45.0 339.7 -257.2 259.8 -232.9 175.4
46.0 345.9 -264.2 265.1 -240.1 179.3
47.0 352.1 -271.3 270.5 -247.4 183.2
48.0 358.4 -278.5 276.0 -254.8 187.2
49.0 364.8 -285.8 281.5 -262.3 191.2
50.0 371.2 -293.2 287.1 -269.9 195.3
